	0,01000011010101000001,0.1111111111111111
	1,10011010001111101011,1.0
	2,10110110100101010000,0.14285714285714285
	3,10001000010001110001,0.2
	4,00100011111110011000,0.09090909090909091
	5,01001100000111000011,1.0
	6,01011101101110010011,0.07692307692307693
	7,11101010101001110000,0.16666666666666666
	8,01001000110110110110,0.07692307692307693
	9,00010100101011000100,0.125
	10,10110011000001001100,0.1
	11,11001000001110011010,0.2
	12,00010011101001110110,0.2
	13,11000101101001101010,0.5
	14,01000100110110010010,0.07692307692307693
	15,00100011010111001011,0.09090909090909091
	16,10011011101010001010,0.08333333333333333
	17,00101101100101111100,0.07692307692307693
	18,11001011100100010111,0.25
	19,11011100110001011001,0.125
	20,01000111010101111100,0.1111111111111111
	21,10100101111110101011,0.125
	22,01100101001100000000,0.14285714285714285
	23,11000010110111010101,0.07692307692307693
	24,10111001110100000001,0.25
	25,10010011011101010111,0.25
	26,01110010101100010001,0.14285714285714285
	27,11100000011001010000,0.07692307692307693
	28,11010110000101000000,0.14285714285714285
	29,00101011001010110010,0.06666666666666667
	30,01011100010110110110,-0.16666666666666666
	31,00110111101000100100,0.125
	32,10000101100000111001,0.2
	33,11011010000100111010,0.08333333333333333
	34,00110110000110101100,0.1
	35,00000001011000110101,0.07692307692307693
	36,01001010001010001011,0.14285714285714285
	37,10111111100100111100,0.25
	38,01001011100110000011,0.05555555555555555
	39,01101011000110100010,0.16666666666666666
	40,01100111000110101010,0.14285714285714285
	41,10001110001100101001,0.2
	42,01100000110101011100,0.08333333333333333
	43,01011011000011000100,-0.14285714285714285
	44,11001001110111010010,0.1111111111111111
	45,10110100100001101010,0.1111111111111111
	46,00100010011110110111,0.05555555555555555
	47,01110100110000111000,-0.125
	48,11010010110000000011,0.07692307692307693
	49,00110011000000110101,0.1
	50,11000010001010101011,0.09090909090909091
	51,01000011011110101011,0.1111111111111111
	52,01110100111111100010,0.16666666666666666
	53,00111011010111011010,0.06666666666666667
	54,01111101001000001100,0.1
	55,01111010000000110101,0.16666666666666666
	56,00100100101011001000,0.3333333333333333
	57,11011101011000100001,0.14285714285714285
	58,00001100101001011001,0.07692307692307693
	59,00011111100101111001,0.08333333333333333
	60,11100000010101100001,0.07692307692307693
	61,00100100110010010110,-0.2
	62,10011000000101011001,0.25
	63,10000001110101101000,0.08333333333333333
	64,01101011010110000011,0.08333333333333333
	65,00011011000000010111,0.08333333333333333
	66,01000101110100011100,0.1111111111111111
	67,00000010000110111011,0.07692307692307693
	68,00110100110100110110,0.08333333333333333
	69,01111011011110100111,0.16666666666666666
	70,00010111101110101101,0.08333333333333333
	71,00110111101101001111,0.07142857142857142
	72,00101001000110010000,0.09090909090909091
	73,11011100100110000011,0.25
	74,00011011100001111101,0.05
	75,01011100010000100110,-0.14285714285714285
	76,00010000100010100010,0.1
	77,01000011011000101000,0.1111111111111111
	78,01110111110001010001,-0.045454545454545456
	79,00111100100110011111,-0.07142857142857142
	80,01100110101110001101,0.06666666666666667
	81,01011001010011000101,-0.08333333333333333
	82,01001100011110001000,-0.06666666666666667
	83,10101010101100001000,0.07692307692307693
	84,00110000010000110000,0.1
	85,00001100011110010101,0.07692307692307693
	86,10010001000110100000,0.25
	87,11010010101101110101,0.05555555555555555
	88,11010110010100110010,0.14285714285714285
	89,00010010011101101001,0.08333333333333333
	90,11110111100110011010,0.16666666666666666
	91,11010110101000101100,0.2
	92,00110000100101011110,0.1
	93,00001000110100000001,0.07692307692307693
	94,00011100100001111010,0.2
	95,00101110000100000000,0.09090909090909091
	96,01101101000110111011,0.14285714285714285
	97,00001000000100010000,0.07692307692307693
	98,01111100110100110010,-0.125
	99,00011000011000110111,0.08333333333333333
