	99,11010011101001110110,0.3333333333333333
	98,01001000011101010111,0.1111111111111111
	97,00101100100100000001,-0.2
	96,11010110101000101101,0.2
	95,10010001000110101000,-0.25
	94,00110111100100111100,0.1
	93,00100011110101101000,0.07692307692307693
	92,01011011000011011100,0.125
	91,01000011100000111000,0.1111111111111111
	90,10011010001111000001,1.0
	89,10101010010110110110,0.07142857142857142
	88,00110011000001001100,0.1
	87,01101000100101101010,0.14285714285714285
	86,00110111101001110000,0.3333333333333333
	85,00111011100001100110,0.05555555555555555
	84,01000010100110000011,0.1111111111111111
	83,10101010101100001010,0.07692307692307693
	82,00100010011000111011,0.09090909090909091
	81,00000011110100010100,0.07692307692307693
	80,11100000010010010110,0.07692307692307693
	79,01110011011010100010,0.25
	78,11010100100001010000,0.1111111111111111
	77,11000010001010101011,0.09090909090909091
	76,01001100000111000011,1.0
	75,11010110010001110001,0.14285714285714285
	74,01000100001110011010,0.1111111111111111
	73,00011110000100000001,0.08333333333333333
	72,11011101000110100011,0.1111111111111111
	71,00100100110101110010,0.07692307692307693
	70,01000001110111010010,0.09090909090909091
	69,11001011100100010111,0.25
	68,11010111000101000011,0.16666666666666666
	67,10011000000101011001,0.25
	66,01111011011110100111,0.16666666666666666
	65,01000000101010110010,0.14285714285714285
	64,10110101110110000010,0.07692307692307693
	63,00101101101110011001,0.07692307692307693
	62,10111010110100110110,0.1
	61,11011100110001011001,0.125
	60,00011100011000111100,0.14285714285714285
	59,10111011101101101111,0.07692307692307693
	58,01001011000000000000,0.1111111111111111
	57,01000100101111100001,0.1
	56,00001100011110011110,0.07692307692307693
	55,10010011110110110110,0.08333333333333333
	54,00000101100101111001,0.07692307692307693
	53,00001100101001001100,0.07692307692307693
	52,00100111010101001000,0.09090909090909091
	51,00000001011000110101,0.07692307692307693
	50,11010010110000110101,0.14285714285714285
	49,11001000000110111011,0.2
	48,01101011010100011100,0.08333333333333333
	47,11100000011001000001,0.07692307692307693
	46,11110111100100000001,0.16666666666666666
	45,00101000110100000000,0.09090909090909091
	44,01110100001010001011,0.16666666666666666
	43,01100110001100101001,0.14285714285714285
	42,11011101110100110111,0.1
	41,01001000110101000100,0.08333333333333333
	40,11000100110111001011,0.1111111111111111
	39,00011101001000001100,0.07692307692307693
	38,00010010011101110010,0.08333333333333333
	37,10110010101101110000,0.05555555555555555
	36,01001011100110011000,0.05555555555555555
	35,00110000100101010101,0.1
	34,00000111000110101011,0.07692307692307693
	33,01111010000000110101,0.16666666666666666
	32,00001000110001111010,0.07692307692307693
	31,01001100011110000101,-0.06666666666666667
	30,10001011000110100010,0.25
	29,00011001110101101000,0.07692307692307693
	28,11011010011110101011,0.16666666666666666
	27,01110100110110110111,0.08333333333333333
	26,00010111101110010011,0.047619047619047616
	25,01101101000110111011,0.14285714285714285
	24,01100101001111010101,0.08333333333333333
	23,11011001010011000101,-0.03125
	22,10011010000100010000,0.3333333333333333
	21,01010110010100101000,0.125
	20,01101001101010010000,-0.5
	19,00111100100100100100,-0.07142857142857142
	18,00110000011110101010,0.1
	17,00000110101110001101,0.047619047619047616
	16,01011100101010011001,-0.03125
	15,10100101110000110000,-0.5
	14,01111011011111010000,0.07692307692307693
	13,01110101101110101101,0.16666666666666666
	12,10101101000100111010,0.08333333333333333
	11,11011100110111011010,0.07692307692307693
	10,01110111110001010111,-0.045454545454545456
	9,00110110000110100100,0.16666666666666666
	8,01000011010101101011,0.1111111111111111
	7,01111000011000110010,0.16666666666666666
	6,10000111101001101011,-1.0
	5,01110010101100010111,0.14285714285714285
	4,00101010000000101000,0.09090909090909091
	3,00010100101011011001,0.3333333333333333
	2,00011011000010000000,0.08333333333333333
	1,00100011010110010010,0.09090909090909091
	0,01011100010000111101,-0.14285714285714285
