	0,00010010011101110010,0.08333333333333333
	1,01001100000111000011,1.0
	2,00110111101001110000,0.3333333333333333
	3,10011010001111000001,1.0
	4,01110010101100011100,0.14285714285714285
	5,01101011010100010111,0.08333333333333333
	6,00010100101011001100,0.08333333333333333
	7,00001100101001011001,0.07692307692307693
	8,01001011100100010111,0.05555555555555555
	9,10000001110111010010,0.1111111111111111
	10,11000010001010101001,0.5
	11,11011100110001011011,0.125
	12,00101010001010110010,0.09090909090909091
	13,01000000100000101000,0.1111111111111111
	14,11010100100001101010,0.1111111111111111
	15,01101000100101010000,0.14285714285714285
	16,00100010011000111000,0.09090909090909091
	17,01001011000000000011,0.1111111111111111
	18,11010010101101110000,0.05555555555555555
	19,10110110010001110001,0.14285714285714285
	20,11010010110000110101,0.14285714285714285
	21,11100000010010010110,0.07692307692307693
	22,11010011101001110110,0.3333333333333333
	23,11000100110111001011,0.1111111111111111
	24,01110100110100110110,0.09090909090909091
	25,10111010001010001011,0.09090909090909091
	26,10101010101100001000,0.07692307692307693
	27,00100011110101101010,0.07692307692307693
	28,01100111000110101011,0.14285714285714285
	29,00010011011010100010,0.1
	30,10001011000110100011,0.3333333333333333
	31,11011101000110100010,0.1
	32,01111011100001100110,0.07142857142857142
	33,00111011011110100111,0.1
	34,01111010000000110101,0.16666666666666666
	35,00011101001000001100,0.07692307692307693
	36,00011110000100000010,0.08333333333333333
	37,00100100110101110001,0.07692307692307693
	38,01101010010110110110,0.125
	39,10001000110101000100,0.09090909090909091
	40,00011011000010000011,0.08333333333333333
	41,11010111000101000000,0.16666666666666666
	42,11001000000110111011,0.2
	43,01011011000011011100,0.125
	44,10011000000101011001,0.25
	45,00000001011000110101,0.07692307692307693
	46,01000111010101001000,0.1111111111111111
	47,00100100101011100001,0.1
	48,11011101011000111100,0.14285714285714285
	49,00011100110100110111,0.1
	50,10111001110110000010,0.08333333333333333
	51,10110111101101001111,0.1
	52,01100110001100101001,0.14285714285714285
	53,01000100001110011010,0.1111111111111111
	54,11100000011001000001,0.07692307692307693
	55,00001100011110011110,0.07692307692307693
	56,00000011110100010100,0.07692307692307693
	57,00000101100101111001,0.07692307692307693
	58,10110011000001001100,0.1
	59,00010011110110110110,0.07692307692307693
	60,01000011100000111001,0.1111111111111111
	61,00101101101110011000,0.07692307692307693
	62,01000010110100000000,0.1111111111111111
	63,00101000100110000011,0.09090909090909091
	64,11110111100110011000,0.16666666666666666
	65,01001011100100000001,0.05555555555555555
	66,01011100010000111101,-0.14285714285714285
	67,00110111100100111100,0.1
	68,00100011010110010010,0.09090909090909091
	69,00110000100101010101,0.1
	70,00011111101001101011,0.16666666666666666
	71,10000001110101101000,0.08333333333333333
	72,01111000011000110010,0.16666666666666666
	73,00110110000110100100,0.16666666666666666
	74,11011101101110101101,0.07692307692307693
	75,01110100110111011010,0.16666666666666666
	76,01000011010101101011,0.1111111111111111
	77,10101101000100111010,0.08333333333333333
	78,01110111110001010111,-0.045454545454545456
	79,01111011011111010000,0.07692307692307693
	80,11011010011110101011,0.16666666666666666
	81,01110100110110110111,0.08333333333333333
	82,10100101111110101010,0.125
	83,00110000010000110000,0.1
	84,00001101000110111011,0.07692307692307693
	85,01100110101110001101,0.06666666666666667
	86,01011100101010011001,-0.03125
	87,00111100100100100100,-0.07142857142857142
	88,01100101001111010101,0.08333333333333333
	89,00010111101110010011,0.047619047619047616
	90,10011011101010010000,0.07692307692307693
	91,01101000000100010000,0.14285714285714285
	92,01011001010011000101,-0.08333333333333333
	93,11010110010100101000,0.14285714285714285
	94,01001100011110000101,-0.06666666666666667
	95,00001000110001111010,0.07692307692307693
	96,11010110101000101101,0.2
	97,10010001000110101000,-0.25
	98,00101100100100000001,-0.2
	99,01001000011101010111,0.1111111111111111
