	0,01100001011000010001,0.14285714285714285
	1,01111010000000101011,0.16666666666666666
	2,01000011011000110111,0.1111111111111111
	3,01110011100100010000,0.16666666666666666
	4,00100010010001111101,0.09090909090909091
	5,00011011010111001011,0.058823529411764705
	6,00011010010111110110,0.14285714285714285
	7,01000010101111101011,0.1111111111111111
	8,10011001011110101001,-0.2
	9,10000111100100110011,0.2
	10,01110100010110011110,0.16666666666666666
	11,01011001101001011001,0.3333333333333333
	12,01011101101111100011,0.08333333333333333
	13,01000011011110100010,0.14285714285714285
	14,01111010000101011111,0.2
	15,01000000100101010111,0.1111111111111111
	16,11000010001101101100,0.09090909090909091
	17,10110111101000011001,0.2
	18,10110110100110010111,0.14285714285714285
	19,10010100110100000001,0.25
	20,11010110010101000100,0.14285714285714285
	21,00110110000110000001,0.1
	22,10110010001100101001,0.09090909090909091
	23,11100100101011010101,0.25
	24,01001000101000000110,0.1111111111111111
	25,11000101110110110101,0.08333333333333333
	26,10010011011001010101,0.25
	27,10010001000110111001,0.07692307692307693
	28,00000010000111000011,0.07692307692307693
	29,10011011000000010101,0.25
	30,11111101001000001010,0.09090909090909091
	31,01011101100101111100,0.07692307692307693
	32,01000100010001110000,0.1111111111111111
	33,11101010101001110000,0.16666666666666666
	34,01100000000000110000,0.14285714285714285
	35,11101011000110100010,0.1
	36,00011000010101000000,0.08333333333333333
	37,00001100000110111011,0.07692307692307693
	38,11011110101101000000,0.1111111111111111
	39,11001011000110101010,0.08333333333333333
	40,11001000100100101011,0.2
	41,00100101111111010000,0.09090909090909091
	42,00010001100000101100,0.08333333333333333
	43,10111110110000000000,0.07692307692307693
	44,01001011001101101010,0.08333333333333333
	45,01100101100110110110,0.07692307692307693
	46,01101101011011000100,0.1111111111111111
	47,10011010001010111001,0.09090909090909091
	48,01000000010110110111,0.0625
	49,00111011101010001010,0.05555555555555555
	50,00001000110110001101,0.07692307692307693
	51,00101110001010101011,0.09090909090909091
	52,11010110000100010101,0.14285714285714285
	53,00001111110001110111,0.07692307692307693
	54,10001011010101111100,0.1
	55,10100000011001010000,0.07692307692307693
	56,01101001110111010010,0.1
	57,00101100000100111010,0.09090909090909091
	58,00010111100101101000,0.08333333333333333
	59,10100001111110101101,0.08333333333333333
	60,11010000100001101011,0.07692307692307693
	61,00001001000010100011,0.1
	62,11000100100000110110,0.1111111111111111
	63,00110011000110000010,0.1
	64,01101011010110000011,0.08333333333333333
	65,01001100000110001011,0.1111111111111111
	66,01000111100100000110,0.1111111111111111
	67,00010001110100100100,0.07692307692307693
	68,00100111111101001111,0.09090909090909091
	69,00010011011110011000,0.08333333333333333
	70,01100000010110001011,0.14285714285714285
	71,01101100110001011001,-0.058823529411764705
	72,01110111100110011110,0.16666666666666666
	73,11011100110101011100,0.125
	74,00010100101010110010,0.1
	75,01011011000011000100,-0.14285714285714285
	76,00110100110000100001,0.14285714285714285
	77,01100100111101111000,0.14285714285714285
	78,10101011101110010011,0.25
	79,00111101001010011010,0.08333333333333333
	80,00001000101111011010,0.07692307692307693
	81,01011011010101110101,0.07692307692307693
	82,11010100110110010010,0.07692307692307693
	83,00110100110100110000,0.08333333333333333
	84,00110010101000100000,0.125
	85,11010110001110110010,0.1111111111111111
	86,00100010010000010000,0.09090909090909091
	87,00011111100111111001,0.08333333333333333
	88,00111100100000101000,-0.09090909090909091
	89,00001111000001001100,0.07692307692307693
	90,01110100110000100110,-1.0
	91,01000011011110001000,0.1111111111111111
	92,01010010011101101001,0.125
	93,00111100000100010101,0.1
	94,00111001110100000001,0.1
	95,10101010101100001001,0.07692307692307693
	96,11011101011000111100,0.14285714285714285
	97,11011010011110010000,0.16666666666666666
	98,00000110101100111010,0.0625
	99,10011100100001110010,-0.01694915254237288
