	0,10011011001110010000,0.14285714285714285
	1,00011010011110100101,1.0
	2,10110110100010011110,0.14285714285714285
	3,00100101101000100001,0.1111111111111111
	4,00110110010111110110,0.1
	5,11001001011110101001,-0.2
	6,00010100110000100001,0.09090909090909091
	7,00101011001100110111,0.07142857142857142
	8,01011010000101000100,0.14285714285714285
	9,10010010001101101100,0.25
	10,00110101100101000010,0.1
	11,00010110110001001010,0.1111111111111111
	12,10001000001001110000,0.2
	13,00111100101111011110,0.1
	14,10000111010111010101,0.08333333333333333
	15,01011101001110001100,0.08333333333333333
	16,01110111100110111100,0.16666666666666666
	17,00000010000111100001,0.07692307692307693
	18,00101101011000011011,0.07692307692307693
	19,10000000110001011001,-0.037037037037037035
	20,00100011000110001000,0.09090909090909091
	21,01010001110111011100,0.125
	22,01100000100101011001,0.14285714285714285
	23,01100000000000110111,0.14285714285714285
	24,01101011010101110110,0.08333333333333333
	25,11000010011101110101,0.09090909090909091
	26,00001000000110011111,0.07692307692307693
	27,10101010100001000000,0.2
	28,11101000100000110010,0.2
	29,00100010010000010111,0.09090909090909091
	30,00100110000111011100,0.09090909090909091
	31,01111010011001010110,1.0
	32,00010010111101100000,0.08333333333333333
	33,01111111001110011001,0.16666666666666666
	34,00001100000111011011,0.07692307692307693
	35,10010110001010111111,0.25
	36,10110111101000010010,0.2
	37,01110100101110110010,0.125
	38,00100111100000100010,0.09090909090909091
	39,11010100010110011010,0.1111111111111111
	40,00001011010101101011,0.05555555555555555
	41,10011011110001111101,0.09090909090909091
	42,11110011100101011001,0.1
	43,11011110001110011101,0.1
	44,11010000010000100100,0.07692307692307693
	45,01100110000000101001,0.14285714285714285
	46,01010100110000110111,-0.5
	47,01100101100110000111,0.14285714285714285
	48,10000100110101101001,0.08333333333333333
	49,10100010000011000010,0.1111111111111111
	50,01011000010110100010,0.16666666666666666
	51,01000011100100110011,0.1111111111111111
	52,11101010110110010000,0.25
	53,00111010101101000010,0.16666666666666666
	54,11000111111101100011,0.16666666666666666
	55,00011101001111000011,0.07692307692307693
	56,01001000000100001011,0.1111111111111111
	57,11001010101000000000,0.07692307692307693
	58,00010000010111100010,0.08333333333333333
	59,00011100101100111000,0.1
	60,00101110110000101001,0.1111111111111111
	61,00111101101000000000,0.1
	62,11011111000100101010,0.08333333333333333
	63,00110111000010100010,0.125
	64,11010011010110000011,0.1
	65,01000000000100110101,0.1111111111111111
	66,00010010001010110100,0.0625
	67,01000011101100111010,0.08333333333333333
	68,11000010101000110000,0.125
	69,10101001000110010000,0.25
	70,00111011101011101011,0.1
	71,01001011010110001000,0.07142857142857142
	72,01011100010000101100,-0.14285714285714285
	73,11100001111101001000,0.08333333333333333
	74,00000000010110001001,0.07692307692307693
	75,01010100011101101011,0.125
	76,01010001110100110011,0.08333333333333333
	77,00101100010000010010,0.2
	78,01000111111010110101,0.07142857142857142
	79,01010010110001110100,-0.045454545454545456
	80,01011100110110001101,-0.037037037037037035
	81,11010001101101110010,0.05263157894736842
	82,01010100110100001000,0.125
	83,10111011100010010011,0.2
	84,10101100110100000101,0.07692307692307693
	85,01100100101100001000,0.14285714285714285
	86,00110000011001100101,0.1
	87,11010001100100000110,0.08333333333333333
	88,10111101011110111011,0.16666666666666666
	89,00011001110100000001,0.08333333333333333
	90,11111001101001011000,-1.0
	91,11011110000110011001,0.08333333333333333
	92,11001011000000111100,0.07692307692307693
	93,01111010100111111000,-0.3333333333333333
	94,00011101100100101011,0.07692307692307693
	95,00011010000100010110,0.09090909090909091
	96,00001111010110000100,0.07692307692307693
	97,11000100101101110101,0.0625
	98,01101101011010100010,0.1
	99,01101001011010101001,-0.5
