	0,01101000000110111011,0.14285714285714285
	1,11011100110111011010,0.07692307692307693
	2,00110110000110100100,0.16666666666666666
	3,01011100010000111101,-0.14285714285714285
	4,10100101101110101101,0.125
	5,01111101000100111010,0.16666666666666666
	6,01000011010101101011,0.1111111111111111
	7,00100011010110010010,0.09090909090909091
	8,01111000011000110010,0.16666666666666666
	9,00011011000010000000,0.08333333333333333
	10,01110010101100010111,0.14285714285714285
	11,00010100101011011001,0.3333333333333333
	12,00101010000000101000,0.09090909090909091
	13,10000111101001101011,-1.0
	14,01110111110001010111,-0.045454545454545456
	15,01111011011111010000,0.07692307692307693
	16,10100101110000110000,-0.5
	17,00000111000110010101,0.07692307692307693
	18,11010110100100000001,0.14285714285714285
	19,11001000011101010111,0.2
	20,01011100101010001101,-0.037037037037037035
	21,00110000100101101011,0.1
	22,00010010110000110101,0.1
	23,00000101100101111001,0.07692307692307693
	24,11110100011001000001,0.1111111111111111
	25,00011100011000111100,0.14285714285714285
	26,11100011100100000001,0.1
	27,00110111101001101010,0.25
	28,11011101000110100001,0.09090909090909091
	29,01010011101001110110,1.0
	30,01000100001110011010,0.1111111111111111
	31,00000110101110011001,0.045454545454545456
	32,01000001110111010010,0.09090909090909091
	33,00111011100001100011,0.05555555555555555
	34,10101010010001001100,0.1111111111111111
	35,10101101101110011001,0.25
	36,10000011110100010100,0.2
	37,01001100000111101011,0.1111111111111111
	38,11001011100101000011,0.25
	39,11010111000100010111,0.16666666666666666
	40,10110000011110101010,0.07692307692307693
	41,00111100100100100100,-0.07142857142857142
	42,10011010000100010000,0.3333333333333333
	43,01010110010100101000,0.125
	44,01101001101010010000,-0.5
	45,01111011011110100111,0.16666666666666666
	46,10010001100100111100,0.25
	47,00011110000100000011,0.08333333333333333
	48,10011000000101011001,0.25
	49,11011001010011000101,-0.03125
	50,10100000101010110010,0.09090909090909091
	51,00011001110101101011,0.07692307692307693
	52,01010101110110000010,0.07692307692307693
	53,01000011100111000001,0.1111111111111111
	54,01001000110101000011,0.08333333333333333
	55,11001011010100011100,0.125
	56,00100011000011011100,0.09090909090909091
	57,01101000100101110000,0.14285714285714285
	58,01100000010010010110,0.14285714285714285
	59,00011101011101110010,0.07692307692307693
	60,11011101110100110111,0.1
	61,10010011110110110110,0.08333333333333333
	62,00100100110101110010,0.07692307692307693
	63,00101100101001001100,0.2
	64,01011011110101101000,0.07142857142857142
	65,01100110001100101001,0.14285714285714285
	66,00101100101000101101,0.1111111111111111
	67,11011100110001011001,0.125
	68,11010110010001110001,0.14285714285714285
	69,00010010001000001100,0.08333333333333333
	70,10110010100110011000,0.09090909090909091
	71,10111011101101101011,0.14285714285714285
	72,10011010001000111000,0.5
	73,00111010000000110101,0.1
	74,10001011001110000101,0.125
	75,01100101001111011011,0.14285714285714285
	76,01101101000110110101,0.08333333333333333
	77,01110100110110110011,0.09090909090909091
	78,00010111101110010111,0.047619047619047616
	79,11011010011110101000,-0.5
	80,01001100010110100010,-0.1111111111111111
	81,01001000110001111010,-0.06666666666666667
	82,00110011000110110110,0.0625
	83,11010101011010100010,0.16666666666666666
	84,01110010100001010000,0.16666666666666666
	85,01000100101111100010,0.09090909090909091
	86,00101010101100001010,0.09090909090909091
	87,10100010011000111011,0.09090909090909091
	88,01110100001010001000,0.16666666666666666
	89,00101000110100000011,0.09090909090909091
	90,00000111010101001000,0.07692307692307693
	91,11000100110111001100,0.1111111111111111
	92,00111010110100110110,0.14285714285714285
	93,11000001011000110101,0.08333333333333333
	94,00110111000110101000,0.5
	95,01001011101101110000,0.0625
	96,01001011000000000000,0.1111111111111111
	97,01000010100110000110,0.1111111111111111
	98,00001100011110011101,0.07692307692307693
	99,11000010001010000011,0.09090909090909091
