	0,11010000100010100010,0.09090909090909091
	1,00010010110000000011,0.07692307692307693
	2,11101010101001110000,0.16666666666666666
	3,00010011100100000110,0.08333333333333333
	4,01111010000101010111,0.2
	5,10011001011110100111,-0.3333333333333333
	6,01110100111111100010,0.16666666666666666
	7,01101011000110100010,0.16666666666666666
	8,01101101000110001011,0.14285714285714285
	9,10011010001010111011,0.5
	10,01110011100100010111,0.16666666666666666
	11,11001010101101000000,0.1111111111111111
	12,10000111100100111001,0.2
	13,11010110000100010100,0.14285714285714285
	14,11010110010101000100,0.14285714285714285
	15,10110111101000100100,0.25
	16,11000101101000000000,0.125
	17,01100101001101101010,0.14285714285714285
	18,00100011010111001011,0.09090909090909091
	19,10111101100000111001,0.2
	20,10101010101100001001,0.07692307692307693
	21,01111010000000101000,0.16666666666666666
	22,00100000011001010000,0.09090909090909091
	23,11100100101011010101,0.25
	24,00010010011101101001,0.08333333333333333
	25,01111101001000001010,0.1
	26,10010011011001110110,0.25
	27,00101110001101011001,0.09090909090909091
	28,00111001110100000001,0.1
	29,10001111000001001100,0.2
	30,11000100100110000011,0.1111111111111111
	31,01101001110111010010,0.1
	32,01101100110001011001,-0.058823529411764705
	33,11011101100101111100,0.25
	34,00011000010101000000,0.08333333333333333
	35,01000011011000110111,0.1111111111111111
	36,00001100000110111011,0.07692307692307693
	37,00000010000111000011,0.07692307692307693
	38,01101011010110000011,0.08333333333333333
	39,00011100100001111010,0.2
	40,11011101011000111100,0.14285714285714285
	41,01000011011110100011,0.16666666666666666
	42,00001100101001011001,0.07692307692307693
	43,11001000110100000001,0.2
	44,00010111101110101101,0.08333333333333333
	45,01000111010101111100,0.1111111111111111
	46,01000101110100101100,0.09090909090909091
	47,00110110000110000001,0.1
	48,10010001000110101100,0.25
	49,10110110100101010000,0.14285714285714285
	50,01001000110110110101,0.07692307692307693
	51,00110011000000110110,0.1
	52,00011010010111010101,0.08333333333333333
	53,01000010101111101011,0.1111111111111111
	54,10100101111110101011,0.125
	55,11000010001010101011,0.09090909090909091
	56,10011011000000010100,0.25
	57,11110111100110011111,0.16666666666666666
	58,11010110001110011010,0.14285714285714285
	59,00001000101000100000,0.09090909090909091
	60,01011101101110010011,0.07692307692307693
	61,10101011001010110010,0.07692307692307693
	62,00110010101111011010,0.1
	63,11010100110100110000,0.08333333333333333
	64,00110100110110010010,0.07692307692307693
	65,00010100101010110010,0.1
	66,00110111101101001111,0.07142857142857142
	67,01000000010000110000,0.1111111111111111
	68,10110010001100101001,0.09090909090909091
	69,11011111000110101010,0.08333333333333333
	70,01001011101010001010,0.058823529411764705
	71,00100011111110011000,0.09090909090909091
	72,01001011100110110110,0.041666666666666664
	73,01100000010110001011,0.14285714285714285
	74,01011100110101011100,-0.08333333333333333
	75,01011011000011000100,-0.14285714285714285
	76,00110000010110110111,0.058823529411764705
	77,11100000100101011111,0.07692307692307693
	78,01110100110000100001,-1.0
	79,00100010011101111000,0.09090909090909091
	80,00111011010101110101,0.06666666666666667
	81,00100100110001111001,-1.0
	82,10001000010001110000,0.2
	83,11011010011110010101,0.16666666666666666
	84,00000110101100110010,0.0625
	85,00001000110110001101,0.07692307692307693
	86,01111100000100010000,0.16666666666666666
	87,00011111100110010110,0.08333333333333333
	88,10100001110101101000,0.07692307692307693
	89,10010100100110010000,0.25
	90,00001001000001101010,0.07692307692307693
	91,00101100000100111010,0.09090909090909091
	92,01011101100000100110,0.07692307692307693
	93,00011010010001111101,0.125
	94,01100001011000010001,0.14285714285714285
	95,01110111110001110101,-0.027777777777777776
	96,00111100100000101000,-0.09090909090909091
	97,01011001010110011111,0.125
	98,01000011011110001000,0.1111111111111111
	99,01001100011011000101,-0.009345794392523364
