	99,01101101011010100010,0.1
	98,01101001011010101001,-0.5
	97,00110100110001001010,1.0
	96,10101100110100000101,0.07692307692307693
	95,11010001100100000110,0.08333333333333333
	94,01010100011101101001,0.125
	93,01001011010111101011,0.07142857142857142
	92,00001100000111111111,0.07692307692307693
	91,11010110000000101001,0.14285714285714285
	90,00110111000010100010,0.125
	89,00000010000111100001,0.07692307692307693
	88,10000001011000011011,0.2
	87,00100111100000100010,0.09090909090909091
	86,10000111011110001100,0.2
	85,01000010001010110100,0.07692307692307693
	84,10011011001110100101,0.5
	83,10001000101111011110,0.2
	82,00001011010101101011,0.05555555555555555
	81,00011010011110010000,0.2
	80,01110111100110111100,0.16666666666666666
	79,11010100010110011010,0.1111111111111111
	78,10110111101000010010,0.2
	77,00100010010000010010,0.09090909090909091
	76,00111101101000101001,0.08333333333333333
	75,10101010100001000000,0.2
	74,00001000000110011111,0.07692307692307693
	73,00111010101101000010,0.16666666666666666
	72,11101000100000110111,0.2
	71,00101110110000000000,0.07692307692307693
	70,01100000000000110111,0.14285714285714285
	69,10011011110001111101,0.09090909090909091
	68,01000000000100110101,0.1111111111111111
	67,11101010110110010000,0.25
	66,11010110010111110110,0.14285714285714285
	65,00100001110111011100,0.09090909090909091
	64,01101011010101110101,0.08333333333333333
	63,01010011000110001000,0.125
	62,10101010101000110000,0.1
	61,00100101101000100001,0.1111111111111111
	60,10100010000011000001,0.09090909090909091
	59,00011100101100111000,0.1
	58,01110010111101100000,0.16666666666666666
	57,11000001000110010000,0.08333333333333333
	56,01010100110000000111,0.07692307692307693
	55,01100000100101011001,0.14285714285714285
	54,01011010000101000100,0.14285714285714285
	53,00100110011001010110,0.09090909090909091
	52,10010010001101101100,0.25
	51,11001010101000000000,0.07692307692307693
	50,01010010111010110101,0.07692307692307693
	49,01000010010110100010,0.14285714285714285
	48,01110100101110110010,0.125
	47,10110110100010011110,0.14285714285714285
	46,10010110001010011011,0.25
	45,01100000010000100100,0.14285714285714285
	44,00010000010111100010,0.08333333333333333
	43,11011111000100101010,0.08333333333333333
	42,01100101100110110111,0.07142857142857142
	41,01001000000100001011,0.1111111111111111
	40,00111100001001110000,0.14285714285714285
	39,00110100110000100001,0.14285714285714285
	38,11011110001111011001,0.07692307692307693
	37,10000100110101101010,0.08333333333333333
	36,01011001100100110011,0.125
	35,11110011100100011101,0.1
	34,11000111111101000011,0.16666666666666666
	33,01111010000111011100,0.2
	32,00001011001100110111,0.0625
	31,00011111001110011001,0.08333333333333333
	30,11010011010110000011,0.1
	29,01011101000111010101,0.08333333333333333
	28,10111011100100001000,0.25
	27,11000100101101000100,0.07692307692307693
	26,11001011000000111100,0.07692307692307693
	25,00001111010110110101,0.05555555555555555
	24,00011010000100101011,0.09090909090909091
	23,00011101100100010110,0.07692307692307693
	22,01111010100111111000,-0.3333333333333333
	21,11011110000110011000,0.08333333333333333
	20,00111101011110111011,0.07692307692307693
	19,01100100101100001000,0.14285714285714285
	18,00110000011001100101,0.1
	17,10011001110100000001,0.25
	16,11111001101001011001,-1.0
	15,00011101001111100011,0.07692307692307693
	14,00010011101100111010,0.06666666666666667
	13,00101100110001011001,0.3333333333333333
	12,11010001101101110010,0.05263157894736842
	11,01010100110010010011,-0.03125
	10,00010111100101010010,0.08333333333333333
	9,01011100110110001101,-0.037037037037037035
	8,00111011101010001000,0.05555555555555555
	7,11100001111100101100,0.08333333333333333
	6,00101001011110101001,0.5
	5,00010001110100110011,0.07692307692307693
	4,01000111110001110100,-0.06666666666666667
	3,00000000010110001011,0.07692307692307693
	2,01101100010000010010,-0.09090909090909091
	1,01011100010001001000,-0.14285714285714285
	0,11000010011101110110,0.09090909090909091
