	99,11000100101100101001,0.09090909090909091
	98,10100010000000110110,0.09090909090909091
	97,11011010010111110110,0.125
	96,00011010011110010000,0.2
	95,10011011000000010101,0.25
	94,01001011001101101010,0.08333333333333333
	93,10011010001010111001,0.09090909090909091
	92,00001111110001110111,0.07692307692307693
	91,01010010111101111000,0.125
	90,01100100011101101001,0.14285714285714285
	89,10010011111101001111,0.25
	88,00100110011001010101,0.09090909090909091
	87,01111010000101000001,0.2
	86,00110110000110011111,0.1
	85,10110111101000011001,0.2
	84,01101001110111010010,0.1
	83,01101000100100101011,0.14285714285714285
	82,11010100010110011110,0.1111111111111111
	81,01011101100100001011,0.07692307692307693
	80,01001100000111111100,0.1111111111111111
	79,01111010000000100100,0.16666666666666666
	78,00010001110100101011,0.07692307692307693
	77,00100101111111010000,0.09090909090909091
	76,11101011000110100010,0.1
	75,10101010101011010101,0.07692307692307693
	74,11100100101100001001,0.1111111111111111
	73,01100001011000010001,0.14285714285714285
	72,01000011011110100010,0.14285714285714285
	71,01110111100110011110,0.16666666666666666
	70,01000111100100000110,0.1111111111111111
	69,01000011011000110000,0.1111111111111111
	68,01100000000000110111,0.14285714285714285
	67,01000000100101010111,0.1111111111111111
	66,00111001110100000001,0.1
	65,11010110010101000100,0.14285714285714285
	64,00110100110000100001,0.14285714285714285
	63,01110011100100010011,0.16666666666666666
	62,00001001000010100000,0.07692307692307693
	61,10000111110110110101,0.08333333333333333
	60,11000101100100110011,0.125
	59,11010110000100010111,0.14285714285714285
	58,10110110100110010101,0.14285714285714285
	57,00111011101010001010,0.05555555555555555
	56,00010001100000101100,0.08333333333333333
	55,00110011000110000010,0.1
	54,01000000010110110111,0.0625
	53,01000011011110001010,0.1111111111111111
	52,11001011000110101000,0.25
	51,10100001111110101101,0.08333333333333333
	50,01101011010110000011,0.08333333333333333
	49,00010111100101100101,0.08333333333333333
	48,00111100000100011000,0.1
	47,01000100110101011100,0.07692307692307693
	46,11011100010001110000,0.1111111111111111
	45,01011101101000001010,0.125
	44,11111101001111100011,0.1
	43,11101010101000000110,0.07692307692307693
	42,01001000001001110000,0.1111111111111111
	41,10010010001101101100,0.25
	40,11000001000110111001,0.047619047619047616
	39,10011001101001011001,-1.0
	38,01010100110100000001,0.125
	37,00001000000100111010,0.07692307692307693
	36,00101100110110001101,-0.3333333333333333
	35,00000010000111000000,0.07692307692307693
	34,11011110101101000011,0.1111111111111111
	33,11011101000110111011,0.08333333333333333
	32,00001100011000111100,0.07692307692307693
	31,10111110011110011000,0.16666666666666666
	30,00010011110000000000,0.07692307692307693
	29,10001011010101111100,0.1
	28,10100000011001010000,0.07692307692307693
	27,01101101011011000100,0.1111111111111111
	26,01100101100110110110,0.07692307692307693
	25,00000110001010101011,0.07692307692307693
	24,00101110101100111010,0.07142857142857142
	23,11010000100001101011,0.07692307692307693
	22,01100000010110001011,0.14285714285714285
	21,10101011101101110010,0.16666666666666666
	20,10011100100010010011,-0.01694915254237288
	19,01110100110000100010,-1.0
	18,00001000101111011110,0.07692307692307693
	17,00110100110100110000,0.08333333333333333
	16,00100010010001111101,0.09090909090909091
	15,00001111000001001100,0.07692307692307693
	14,11010110001110110010,0.1111111111111111
	13,01110010101000100000,0.25
	12,00011011010101110101,0.058823529411764705
	11,00100010010000010010,0.09090909090909091
	10,11010100110110010000,0.07692307692307693
	9,00111101100111111001,0.07692307692307693
	8,00011111001010011010,0.08333333333333333
	7,00111011000011000100,1.0
	6,01011100100000101000,-0.037037037037037035
	5,00010000010101000000,0.08333333333333333
	4,00011100101010110010,0.09090909090909091
	3,01111001011110101001,-0.3333333333333333
	2,10011100110001011001,-0.03125
	1,00011011010111101011,0.058823529411764705
	0,01000010101111001011,0.1111111111111111
