	0,11000011011101001000,0.1
	1,01011100010001110110,-0.14285714285714285
	2,10110111101000010010,0.2
	3,01101001110111011100,0.14285714285714285
	4,11010111010110000011,0.16666666666666666
	5,11110011100100010011,0.1
	6,11000001000110000111,0.08333333333333333
	7,01000000100101011001,0.1111111111111111
	8,10001001100100110011,0.2
	9,10010000000100110001,0.25
	10,01101001011010100010,0.2
	11,10101010101000110000,0.1
	12,01111010000101000100,0.2
	13,00011010011110010000,0.2
	14,00111100001001110000,0.14285714285714285
	15,00100011010101110101,0.09090909090909091
	16,00001111000100101011,0.07692307692307693
	17,00101110110000000000,0.07692307692307693
	18,01000010010110100010,0.14285714285714285
	19,11010110110110010000,0.07692307692307693
	20,10101100100100001010,0.25
	21,11010100010110011010,0.1111111111111111
	22,01001011110001111101,0.0625
	23,00011010010110110101,0.08333333333333333
	24,10010110001010011110,0.25
	25,00001011010111101011,0.05555555555555555
	26,01100000010000100100,0.14285714285714285
	27,01111010000110110111,0.08333333333333333
	28,01110010111101000000,0.16666666666666666
	29,00110100110000100001,0.14285714285714285
	30,01001000000100001011,0.1111111111111111
	31,11010110001111011001,0.07692307692307693
	32,00111010101101000011,0.16666666666666666
	33,01100101100110110110,0.07692307692307693
	34,11011111000100101011,0.08333333333333333
	35,10100010000011000001,0.09090909090909091
	36,01010001100100000110,0.125
	37,00100111100000101100,0.09090909090909091
	38,11000111111101001101,0.16666666666666666
	39,01001100000111111111,0.1111111111111111
	40,01110111100110111100,0.16666666666666666
	41,00100110011001010110,0.09090909090909091
	42,01110100101110110010,0.125
	43,11010110000000101000,0.14285714285714285
	44,01010100110000010000,0.125
	45,00010000010111100010,0.08333333333333333
	46,11001011000000111100,0.07692307692307693
	47,10011011001110100100,0.3333333333333333
	48,00100010010000010010,0.09090909090909091
	49,01011101100100001000,0.07692307692307693
	50,00111101101000101001,0.08333333333333333
	51,00001000101111011110,0.07692307692307693
	52,10000001011000010001,0.2
	53,11101010010111110110,0.125
	54,01101101011010101001,0.3333333333333333
	55,01100000000000110111,0.14285714285714285
	56,00000000010110001011,0.07692307692307693
	57,01101100010000010010,-0.09090909090909091
	58,00001011001101011100,0.0625
	59,01010100110101101010,0.07692307692307693
	60,00001000000110011111,0.07692307692307693
	61,00110111000010100011,0.14285714285714285
	62,11000100101101000100,0.07692307692307693
	63,10010010001101101100,0.25
	64,11101000100000110110,0.2
	65,11001010101000000000,0.07692307692307693
	66,01010011000110001010,0.125
	67,10000111011110000010,0.2
	68,00000010000111101011,0.07692307692307693
	69,10101010100001000000,0.2
	70,00011100101100111000,0.1
	71,01010010111010110101,0.07692307692307693
	72,11010100011101101001,0.1111111111111111
	73,01100100101100001000,0.14285714285714285
	74,00100001111100101100,0.09090909090909091
	75,00010001110100110000,0.07692307692307693
	76,00110100110001000101,1.0
	77,01000111110001110111,-0.06666666666666667
	78,11101001011110101001,-0.2
	79,10111011000111010101,0.07692307692307693
	80,00110000011001100101,0.1
	81,10011001110100000001,0.25
	82,01011100110110001101,-0.037037037037037035
	83,00101100110001011001,0.3333333333333333
	84,00111011101010001000,0.05555555555555555
	85,00010111100101010010,0.08333333333333333
	86,11010001101101110010,0.05263157894736842
	87,01010100110010010011,-0.03125
	88,00011101001111100011,0.07692307692307693
	89,00010011101100111010,0.06666666666666667
	90,11111001101001011001,-1.0
	91,10001011010101101011,0.1
	92,00011101100111111000,0.07692307692307693
	93,00100101101000100001,0.1111111111111111
	94,00111101000110011000,0.1
	95,11011110011110111011,0.16666666666666666
	96,01111010100100010110,-0.3333333333333333
	97,10110110100010011011,0.14285714285714285
	98,01000010001010110101,0.07142857142857142
	99,00011111001110011001,0.08333333333333333
