	99,01111010000000110101,0.16666666666666666
	98,01101011010100010111,0.08333333333333333
	97,11100000011001010001,0.07692307692307693
	96,00100100110101100001,0.07692307692307693
	95,11000010001010101011,0.09090909090909091
	94,11011100110001011001,0.125
	93,01100101001111010101,0.08333333333333333
	92,01001100000111000011,1.0
	91,00111011011110100111,0.1
	90,00101000100110000011,0.09090909090909091
	89,10011000000101011001,0.25
	88,10011010001111000001,1.0
	87,00010111101110101101,0.08333333333333333
	86,11011101101110010011,0.25
	85,10011011101010011100,0.07692307692307693
	84,01110010101100010000,0.14285714285714285
	83,01101010101001110000,1.0
	82,00110111010110110110,0.0625
	81,01000111010101111100,0.1111111111111111
	80,11011101011000001000,0.14285714285714285
	79,10001110001100101001,0.2
	78,01100000110101000100,0.08333333333333333
	77,10110110010001110001,0.14285714285714285
	76,00011011000010000011,0.08333333333333333
	75,00110110000110100100,0.16666666666666666
	74,10000001110101101000,0.08333333333333333
	73,00110011000000000011,0.1
	72,01001111100100111100,0.1111111111111111
	71,00101011000101000000,0.08333333333333333
	70,11010110001010110010,0.1111111111111111
	69,00000101101001101010,0.14285714285714285
	68,00011111100101111001,0.08333333333333333
	67,00101101100101101010,0.07692307692307693
	66,00100011111110011000,0.09090909090909091
	65,01100111000110101010,0.14285714285714285
	64,10100101111110101011,0.125
	63,01110100110100110110,0.09090909090909091
	62,01110100110110110111,0.08333333333333333
	61,01000011011110101011,0.1111111111111111
	60,11011010100000111001,0.2
	59,11001011100100010111,0.25
	58,01000100110111001011,0.1111111111111111
	57,11010100100001101010,0.1111111111111111
	56,11100000010010010110,0.07692307692307693
	55,01101011000110100011,0.2
	54,10001000100101010000,0.2
	53,00111011011111100010,0.058823529411764705
	52,11011101000110010000,0.08333333333333333
	51,11001000001110011010,0.2
	50,01000100000110111011,0.1111111111111111
	49,00000001011000110101,0.07692307692307693
	48,10110011000001001100,0.1
	47,10111010001010001011,0.09090909090909091
	46,00100100101011100001,0.1
	45,00011000011000110010,0.08333333333333333
	44,01111100110100110111,-0.125
	43,10000101000100111010,0.2
	42,10101001110111010010,0.1111111111111111
	41,01000011010101101011,0.1111111111111111
	40,01110100110111011010,0.16666666666666666
	39,00100010011000111000,0.09090909090909091
	38,11010011101001110110,0.3333333333333333
	37,11010010110000110101,0.14285714285714285
	36,00100011010110010010,0.09090909090909091
	35,00110111101101001111,0.07142857142857142
	34,11000010110100000000,0.09090909090909091
	33,01011011000011011100,0.125
	32,00001100101001011001,0.07692307692307693
	31,00000011110100011100,0.07692307692307693
	30,00010100101011000100,0.125
	29,10010011011101010111,0.25
	28,01001000110110110110,0.07692307692307693
	27,01111101001000001100,0.1
	26,00011011100001100110,0.05
	25,00010000100000101000,0.08333333333333333
	24,01000011011010100010,0.14285714285714285
	23,10101010101100001000,0.07692307692307693
	22,00110000010000110000,0.1
	21,00001100011110010101,0.07692307692307693
	20,00110000100101011110,0.1
	19,11010010101101110000,0.05555555555555555
	18,00010010011101110010,0.08333333333333333
	17,00011110000100000000,0.08333333333333333
	16,11110111100110011010,0.16666666666666666
	15,00001101000110111011,0.07692307692307693
	14,01101000000100010000,0.14285714285714285
	13,00101100100001111010,-0.3333333333333333
	12,00001000110100000001,0.07692307692307693
	11,11010110010100101001,0.14285714285714285
	10,11010110101000101100,0.2
	9,10010001000110100101,-1.0
	8,01001100011110001000,-0.06666666666666667
	7,01011001010011000101,-0.08333333333333333
	6,01100110101110001101,0.06666666666666667
	5,00111100100110011001,-0.07142857142857142
	4,01011100101000100100,0.3333333333333333
	3,01110111110001010111,-0.045454545454545456
	2,01011100010000111101,-0.14285714285714285
	1,10111001110100000001,0.25
	0,01001011100110000010,0.05555555555555555
