	99,01111010000000101000,0.16666666666666666
	98,00100100101011010101,0.16666666666666666
	97,00110110000110101100,0.1
	96,00011100100001111010,0.2
	95,00010011100100000000,0.08333333333333333
	94,00101110001001110110,0.09090909090909091
	93,10110111101000100100,0.25
	92,00011010001111101011,0.1111111111111111
	91,10011000000101010111,0.25
	90,10010011011101011001,0.25
	89,10111101100000111001,0.2
	88,10000111100100111100,0.2
	87,00001000001110011010,0.07692307692307693
	86,11001000110100000001,0.2
	85,11011111000110101010,0.08333333333333333
	84,01100100100110000011,0.14285714285714285
	83,01001000110110110110,0.07692307692307693
	82,01110100111111100010,0.16666666666666666
	81,11000010001010101011,0.09090909090909091
	80,11000101101001101010,0.5
	79,00001100000111000011,0.07692307692307693
	78,01101101100101111100,0.07692307692307693
	77,10100101111110101011,0.125
	76,00100011010111001011,0.09090909090909091
	75,10110010001100101001,0.09090909090909091
	74,10001111000001001100,0.2
	73,01000011010101000000,0.1111111111111111
	72,10101010101100001001,0.07692307692307693
	71,10011010001010001011,0.5
	70,01001011101010001010,0.058823529411764705
	69,11011100110001011001,0.125
	68,01101011010110000011,0.08333333333333333
	67,00011000011000110111,0.08333333333333333
	66,01101101000110111011,0.14285714285714285
	65,00110111101101001111,0.07142857142857142
	64,00010111101110101101,0.08333333333333333
	63,11001011100100010111,0.25
	62,01011101101110010011,0.07692307692307693
	61,01000101110100000001,0.1111111111111111
	60,11011101011000111100,0.14285714285714285
	59,00110100110100110000,0.08333333333333333
	58,11101010101001110110,0.16666666666666666
	57,11001001110111010010,0.1111111111111111
	56,00100011111110011000,0.09090909090909091
	55,10011011000000010111,0.25
	54,00111001110100000001,0.1
	53,10010001000110101100,0.25
	52,11010110101000100000,0.2
	51,01000111010101111100,0.1111111111111111
	50,01111011011110100111,0.16666666666666666
	49,00110011000000110101,0.1
	48,00010010011101101001,0.08333333333333333
	47,01100101001100000000,0.14285714285714285
	46,00000010000110111011,0.07692307692307693
	45,11110111100110011100,0.16666666666666666
	44,01111101001000001010,0.1
	43,11010110010101000100,0.14285714285714285
	42,00010100101010110010,0.1
	41,01000000010000110000,0.1111111111111111
	40,00110100110110010010,0.07692307692307693
	39,00010000100010100010,0.1
	38,00001100101001011001,0.07692307692307693
	37,11100000011001010000,0.07692307692307693
	36,10110110100101010000,0.14285714285714285
	35,01001011100110001011,0.05555555555555555
	34,01000011011110100011,0.16666666666666666
	33,01101011000110100010,0.16666666666666666
	32,11010010110000000011,0.07692307692307693
	31,11010010101111011010,0.09090909090909091
	30,00111011010101110101,0.06666666666666667
	29,01110010101101000000,0.1
	28,11010110000100010001,0.14285714285714285
	27,00110000100101011111,0.1
	26,10001000010001110000,0.2
	25,11011010011110010101,0.16666666666666666
	24,00001100000100111010,0.07692307692307693
	23,01111100000100010000,0.16666666666666666
	22,00001000110100110010,0.07692307692307693
	21,10000001110101101000,0.08333333333333333
	20,01001100011110001000,-0.06666666666666667
	19,00000110101110001101,0.047619047619047616
	18,01100001011000110101,0.14285714285714285
	17,01011001010000101000,0.125
	16,01000011011011000101,-0.14285714285714285
	15,00111100100110011111,-0.07142857142857142
	14,01110111110001010001,-0.045454545454545456
	13,10110100100110010000,0.1111111111111111
	12,00101001000001101010,0.09090909090909091
	11,00011011100000100110,0.05
	10,01011100010001111101,-0.14285714285714285
	9,00011111100110010110,0.08333333333333333
	8,00100100110001111001,-1.0
	7,11100000010110110111,0.05
	6,00100010011101100001,0.09090909090909091
	5,01110100110000111000,-0.125
	4,01011011000011000100,-0.14285714285714285
	3,01100000010110110110,0.07692307692307693
	2,01011100110101011100,-0.08333333333333333
	1,01000010110111010101,0.07692307692307693
	0,10101011001010110010,0.07692307692307693
