	0,11010110001111001011,0.14285714285714285
	1,01000010100100010111,0.1111111111111111
	2,00001100010000010101,0.07692307692307693
	3,10011011001000111100,0.16666666666666666
	4,01111010000101000100,0.2
	5,00111011000011000001,0.1
	6,10110110100110010101,0.14285714285714285
	7,01000000100101010111,0.1111111111111111
	8,00100101101000100000,0.1111111111111111
	9,01110010111111010000,0.16666666666666666
	10,11000101100100110011,0.125
	11,01000011011110100010,0.14285714285714285
	12,00110011000110000010,0.1
	13,01100000000000110111,0.14285714285714285
	14,00010001110100110000,0.07692307692307693
	15,00110100110100101011,0.08333333333333333
	16,01000111110001110111,-0.06666666666666667
	17,00001011011110001010,0.05
	18,01101001110111010010,0.1
	19,01011101100100001011,0.07692307692307693
	20,11011110101101000011,0.1111111111111111
	21,01110111100110011110,0.16666666666666666
	22,00000111100100000110,0.07692307692307693
	23,01010001100000101100,0.125
	24,00011010011110010000,0.2
	25,10010011111101001111,0.25
	26,00011010010001111101,0.125
	27,00100011010101110101,0.09090909090909091
	28,00110100110000100001,0.14285714285714285
	29,11000100101100101001,0.09090909090909091
	30,11101010010111110110,0.125
	31,11010100101100001001,0.1111111111111111
	32,01111010001010111001,0.07692307692307693
	33,10000001011000010001,0.2
	34,00100110011001010100,0.09090909090909091
	35,01001100000111111101,0.1111111111111111
	36,11011101000110111011,0.08333333333333333
	37,11010110001110110010,0.1111111111111111
	38,10110111101000011110,0.2
	39,11010100010110011001,0.1111111111111111
	40,10100001111110101100,0.08333333333333333
	41,00001111000001001101,0.07692307692307693
	42,11010110010101001000,0.14285714285714285
	43,11001011000110100100,0.125
	44,00011011010111101011,0.058823529411764705
	45,00111011101010001010,0.05555555555555555
	46,00001001000010100000,0.07692307692307693
	47,11110011100100010011,0.1
	48,01001011110110110101,0.07142857142857142
	49,10000111001101101010,0.2
	50,10100010000100101011,0.09090909090909091
	51,01101000100000110110,0.14285714285714285
	52,01000010110110010000,0.07692307692307693
	53,11010101011000110000,0.125
	54,11000000010110110111,0.05
	55,00111110011110011000,0.1
	56,01010010111101111000,0.125
	57,00001000101111011110,0.07692307692307693
	58,00000010000111000000,0.07692307692307693
	59,00110110000110011111,0.1
	60,01111010000000100100,0.16666666666666666
	61,01100100011101101001,0.14285714285714285
	62,00100010010000010010,0.09090909090909091
	63,00111001110100000001,0.1
	64,11101011000111010101,0.07692307692307693
	65,10101010101010100010,0.07692307692307693
	66,10111001011110101001,-0.2
	67,01011100110001011001,-0.08333333333333333
	68,00111101100111111001,0.07692307692307693
	69,00011100101010110010,0.09090909090909091
	70,00010000010101000000,0.08333333333333333
	71,00011111001010011010,0.08333333333333333
	72,01010100110000100010,0.3333333333333333
	73,01110100100000101000,0.16666666666666666
	74,01100101100110110110,0.07692307692307693
	75,01101101011011000100,0.1111111111111111
	76,01100000010110001011,0.14285714285714285
	77,01101011010110000011,0.08333333333333333
	78,00000110001010111100,0.07692307692307693
	79,10001011010101101011,0.1
	80,10101010100001101011,0.2
	81,11010001101101110010,0.05263157894736842
	82,00101110110000000000,0.07692307692307693
	83,00010011101100111010,0.06666666666666667
	84,10101100100010010011,0.2
	85,10010000011001010000,0.25
	86,00010111100101100101,0.08333333333333333
	87,00101100110110001101,-0.3333333333333333
	88,01010100110100001010,0.125
	89,00001000000100110001,0.07692307692307693
	90,10011101001111100011,0.1
	91,11111001101001011001,-1.0
	92,01000100110101011100,0.07692307692307693
	93,10010010001101101100,0.25
	94,01001000000100011000,0.1111111111111111
	95,00111100001001110000,0.14285714285714285
	96,11000001000110001010,0.08333333333333333
	97,01011101101000111001,0.08333333333333333
	98,11011100010001110110,0.1111111111111111
	99,11101010101000000000,0.07692307692307693
