	99,00101100000100111010,0.09090909090909091
	98,01001000110110110101,0.07692307692307693
	97,00011000010101000000,0.08333333333333333
	96,11100100101011010101,0.25
	95,01111010000000101011,0.16666666666666666
	94,10011010001010111000,0.1
	93,00001001000001101011,0.07692307692307693
	92,11000100100110000010,0.1111111111111111
	91,01000100010001110000,0.1111111111111111
	90,10001011010101111100,0.1
	89,00011010010111110110,0.14285714285714285
	88,10010011011001010101,0.25
	87,01000010101111101011,0.1111111111111111
	86,00000010000111000011,0.07692307692307693
	85,01110011100100010000,0.16666666666666666
	84,10010100100110010111,0.25
	83,00110011000000110110,0.1
	82,00011010010001111101,0.125
	81,11001010101101000000,0.1111111111111111
	80,10100001110101101000,0.07692307692307693
	79,10010001000110111001,0.07692307692307693
	78,10111101100000101100,0.2
	77,01101011000110100010,0.16666666666666666
	76,11010110010101000100,0.14285714285714285
	75,01000011011000110111,0.1111111111111111
	74,11011101100101111100,0.25
	73,01111101001000001010,0.1
	72,01100101001101101010,0.14285714285714285
	71,10110110110100000001,0.14285714285714285
	70,11001000100101010000,0.2
	69,01101011010110000011,0.08333333333333333
	68,00110110000110000001,0.1
	67,11010000100010100011,0.1
	66,01011001010110011110,0.125
	65,00010010110000000000,0.07692307692307693
	64,11010110000100010111,0.14285714285714285
	63,10100000011001010000,0.07692307692307693
	62,00100101111110101011,0.09090909090909091
	61,10110111101000101100,0.25
	60,01000101110100100100,0.09090909090909091
	59,10011100100001111010,-0.01694915254237288
	58,00001111000001001100,0.07692307692307693
	57,11011101011000111100,0.14285714285714285
	56,00010010011101101001,0.08333333333333333
	55,00000110101100110010,0.0625
	54,01000011011110001000,0.1111111111111111
	53,10101010101100001001,0.07692307692307693
	52,00111001110100000001,0.1
	51,01111100000100010101,0.16666666666666666
	50,11011010011110010000,0.16666666666666666
	49,01110100110000100110,-1.0
	48,01011101101111100010,0.09090909090909091
	47,01101001110111010010,0.1
	46,00001000110110001101,0.07692307692307693
	45,01000011011110100011,0.16666666666666666
	44,00010111101110101101,0.08333333333333333
	43,11000101101000000110,0.125
	42,00011111100110010000,0.08333333333333333
	41,00001100000110111011,0.07692307692307693
	40,00100011010111001011,0.09090909090909091
	39,11101010101001110000,0.16666666666666666
	38,10000111100100111001,0.2
	37,00101110001010101011,0.09090909090909091
	36,11000010001101011001,0.09090909090909091
	35,01101101011011000101,0.125
	34,01001100000110001011,0.1111111111111111
	33,01100001011000010001,0.14285714285714285
	32,00111100100000101000,-0.09090909090909091
	31,01110100101001011001,1.0
	30,00001111110001110101,0.07692307692307693
	29,10011011000000010101,0.25
	28,11110111100110011110,0.16666666666666666
	27,00100100111101111000,0.09090909090909091
	26,00100010010001111001,0.09090909090909091
	25,10101011001010011010,0.09090909090909091
	24,11010110001110110010,0.1111111111111111
	23,00111101101110010011,0.07692307692307693
	22,01011011010101110101,0.07692307692307693
	21,00001000101111011010,0.07692307692307693
	20,00110010101000100000,0.125
	19,00110100110110010010,0.07692307692307693
	18,11010100110100110000,0.08333333333333333
	17,01110100110000100001,-1.0
	16,10110010001100101001,0.09090909090909091
	15,11011111000110101010,0.08333333333333333
	14,00100011111110011000,0.09090909090909091
	13,01000000100101011111,0.1111111111111111
	12,11100000010000110000,0.07692307692307693
	11,00110000010110110111,0.058823529411764705
	10,00110111101101001111,0.07142857142857142
	9,01001011100110110110,0.041666666666666664
	8,01001011101010001010,0.058823529411764705
	7,00010100101010110010,0.1
	6,01011011000011000100,-0.14285714285714285
	5,01100000010110001011,0.14285714285714285
	4,01011100110101011100,-0.08333333333333333
	3,01101100110001011001,-0.058823529411764705
	2,10011001011110100011,1.0
	1,01111010000101010111,0.2
	0,00010011100100000110,0.08333333333333333
