	99,01010010111100111000,0.125
	98,01000100110101011100,0.07692307692307693
	97,01010001100000101100,0.125
	96,00011010011110010000,0.2
	95,00110110000110011111,0.1
	94,01111010000101000100,0.2
	93,11000100101101000100,0.07692307692307693
	92,01101101011010101001,0.3333333333333333
	91,00011100101010110101,0.125
	90,00001100010000010010,0.07692307692307693
	89,00100111100100000110,0.09090909090909091
	88,00011101100111111001,0.07692307692307693
	87,11101010010111110110,0.125
	86,00000010000111000000,0.07692307692307693
	85,00001000101111011110,0.07692307692307693
	84,01001100000111111101,0.1111111111111111
	83,00000110001010011110,0.07692307692307693
	82,01110111100110111100,0.16666666666666666
	81,01001000000100011001,0.1111111111111111
	80,11010100101100001000,0.1111111111111111
	79,00011111001110010101,0.08333333333333333
	78,10110110100010011010,0.14285714285714285
	77,01000010001010111001,0.05555555555555555
	76,01111010100100010111,-0.3333333333333333
	75,00111100001001110000,0.14285714285714285
	74,01100000010110001011,0.14285714285714285
	73,11010111010110000011,0.16666666666666666
	72,01101001011000110000,0.14285714285714285
	71,10010010001101101100,0.25
	70,11101010101000000000,0.07692307692307693
	69,01011101100100001000,0.07692307692307693
	68,00001001000010100011,0.1
	67,01100100011101101001,0.14285714285714285
	66,00010001110100110000,0.07692307692307693
	65,11110011100100010011,0.1
	64,00100010010000010010,0.09090909090909091
	63,11010100010110011010,0.1111111111111111
	62,11000001000110001001,0.08333333333333333
	61,01110100100000101000,0.16666666666666666
	60,00100011010101110101,0.09090909090909091
	59,10000001011000010001,0.2
	58,01001011110110110101,0.07142857142857142
	57,10010001100100110011,0.25
	56,11000111111101001111,0.16666666666666666
	55,01000011011101001000,0.1111111111111111
	54,11010110010110100010,0.2
	53,11011100010001110110,0.1111111111111111
	52,11010110001110110010,0.1111111111111111
	51,01101001110111010010,0.1
	50,10100010000100101011,0.09090909090909091
	49,11010110001111001011,0.14285714285714285
	48,01100000000000110111,0.14285714285714285
	47,00011010010001111101,0.125
	46,00110100110000100001,0.14285714285714285
	45,01110010111101000000,0.16666666666666666
	44,00010000010111010000,0.08333333333333333
	43,01010100110000100010,0.3333333333333333
	42,11001011000110100100,0.125
	41,10011011001000111100,0.16666666666666666
	40,01111010000000100100,0.16666666666666666
	39,01000000100101010111,0.1111111111111111
	38,00100101101000100000,0.1111111111111111
	37,10110111101000011100,0.2
	36,00100110011001010110,0.09090909090909091
	35,11001000100000110110,0.2
	34,01100000010110110111,0.07142857142857142
	33,11011101000110011000,0.08333333333333333
	32,00111110011110111011,0.1
	31,00111101101000101001,0.08333333333333333
	30,01010011000110000010,0.125
	29,11011111000011000001,0.07692307692307693
	28,00111010101101000011,0.16666666666666666
	27,00001011001101101010,0.0625
	26,10000111011110001010,0.2
	25,01000010110110010000,0.07692307692307693
	24,01100101100110110110,0.07692307692307693
	23,10011011010111101011,0.1111111111111111
	22,00100001111110101100,0.09090909090909091
	21,00001111000100101011,0.07692307692307693
	20,00110100110001000101,1.0
	19,10001011010101101011,0.1
	18,11111001101001011001,-1.0
	17,00101110110000000000,0.07692307692307693
	16,00010011101100111010,0.06666666666666667
	15,00011101001111100011,0.07692307692307693
	14,10001000000100110001,0.2
	13,10101100100100001010,0.25
	12,01010100110010010011,-0.03125
	11,10101010100001101011,0.2
	10,11010001101101110010,0.05263157894736842
	9,10010000011001100101,0.25
	8,00010111100101010000,0.08333333333333333
	7,00111011101010001010,0.05555555555555555
	6,00101100110110001101,-0.3333333333333333
	5,01011100110001011001,-0.08333333333333333
	4,00111001110100000001,0.1
	3,10111001011110101001,-0.2
	2,10101010101010100010,0.07692307692307693
	1,11101011000111010101,0.07692307692307693
	0,01000111110001110111,-0.06666666666666667
